maxerr = 4.6463e-11

     136733      90203   -29065.1    5709.47   -42.3421
      90203     853517   -97570.1   -185.551   -1530.54
   -29065.1   -97570.1    25534.4   -515.097   -509.963
    5709.47   -185.551   -515.097     8362.6    168.481
   -42.3421   -1530.54   -509.963    168.481    7045.31

          0 2.01091e-13 -2.68983e-13 -1.13251e-12 -3.91551e-11
 -2.01091e-13          0 -9.76888e-14 4.6463e-11 1.51641e-12
 2.68983e-13 9.76888e-14          0 -4.78211e-12 -2.55435e-12
 1.13251e-12 -4.6463e-11 4.78211e-12          0 -7.7318e-12
 3.91551e-11 -1.51641e-12 2.55435e-12 7.7318e-12          0
