maxerr = 3.6921e-09

 3.41418e+06 2.52981e+06 -1.7305e+06    785.159     931.66      884.4    703.758    456.374    207.788    22.3314   -150.838    -320.52   -149.556   -238.338   -227.894   -771.232    165.994    90.7725
 2.52981e+06 4.95108e+06 -2.63398e+06    1074.51   -159.342   -442.875   -468.067   -321.899   -123.577    39.9953    198.722    387.458    208.216    326.619    378.501     1016.9     410.74    2190.16
 -1.7305e+06 -2.63398e+06 1.65334e+06    3117.33    306.118   -752.783   -1254.48   -1231.14   -900.749   -459.943    1.51957    551.434    427.763    802.646    789.044    3068.22     235.79   -1199.59
    785.159    1074.51    3117.33    4893.16   -729.515    -453.65   -267.356    -144.98   -55.9497  -0.602448    40.2192    69.0838    22.8247    27.8194    28.7707    30.9175   -44.7443    71.0971
     931.66   -159.342    306.118   -729.515    3157.35   -272.073   -186.661   -115.864   -70.9083   -38.6303   -16.4019 -0.0307731    3.61169    6.89848    8.35879    11.0087    50.2697    42.7909
      884.4   -442.875   -752.783    -453.65   -272.073    3082.63   -185.995   -127.403   -94.1116   -68.2182   -58.1764   -40.3069   -9.39598   -9.96011  -0.648554   -2.21457    17.9985    5.06927
    703.758   -468.067   -1254.48   -267.356   -186.661   -185.995    3108.46   -141.477   -106.339   -82.7642   -79.9795   -71.6261    -16.867   -17.9064   -10.6594   -10.0357     16.803    14.5879
    456.374   -321.899   -1231.14    -144.98   -115.864   -127.403   -141.477    2900.39   -123.564   -108.715   -112.198   -105.879   -24.1139   -23.8311   -22.4638   -20.0632    14.8771    17.6442
    207.788   -123.577   -900.749   -55.9497   -70.9083   -94.1116   -106.339   -123.564    2633.49   -129.933   -130.354   -129.113   -30.7463    -25.883   -36.3533   -30.2118   -10.3014   -23.3534
    22.3314    39.9953   -459.943  -0.602448   -38.6303   -68.2182   -82.7642   -108.715   -129.933    2321.26   -198.167   -177.366   -41.6538   -32.3914   -47.5571   -42.4305     6.7972    10.4768
   -150.838    198.722    1.51957    40.2192   -16.4019   -58.1764   -79.9795   -112.198   -130.354   -198.167    2327.31   -260.977   -57.4595   -48.1329   -58.7085   -54.0761    7.70569    75.0389
    -320.52    387.458    551.434    69.0838 -0.0307731   -40.3069   -71.6261   -105.879   -129.113   -177.366   -260.977    2214.39   -80.7576   -69.7299   -84.3921   -66.0517   -25.5432    118.321
   -149.556    208.216    427.763    22.8247    3.61169   -9.39598    -16.867   -24.1139   -30.7463   -41.6538   -57.4595   -80.7576    792.355    -28.313    -36.922   -25.5402    6.75305    73.4213
   -238.338    326.619    802.646    27.8194    6.89848   -9.96011   -17.9064   -23.8311    -25.883   -32.3914   -48.1329   -69.7299    -28.313    894.976   -38.8802   -29.4781    9.25623    87.1311
   -227.894    378.501    789.044    28.7707    8.35879  -0.648554   -10.6594   -22.4638   -36.3533   -47.5571   -58.7085   -84.3921    -36.922   -38.8802    872.923   -46.0578   -4.39651    149.337
   -771.232     1016.9    3068.22    30.9175    11.0087   -2.21457   -10.0357   -20.0632   -30.2118   -42.4305   -54.0761   -66.0517   -25.5402   -29.4781   -46.0578    1621.42    34.3965    102.016
    165.994     410.74     235.79   -44.7443    50.2697    17.9985     16.803    14.8771   -10.3014     6.7972    7.70569   -25.5432    6.75305    9.25623   -4.39651    34.3965    6609.35   -187.757
    90.7725    2190.16   -1199.59    71.0971    42.7909    5.06927    14.5879    17.6442   -23.3534    10.4768    75.0389    118.321    73.4213    87.1311    149.337    102.016   -187.757    9007.97

          0 6.36789e-13 -5.59641e-13 -1.72495e-11 1.97815e-11 1.20345e-12 -6.01584e-13 -3.82616e-11 3.92465e-11 2.8238e-11 6.45553e-11 -3.71228e-11 -2.33591e-11 8.19834e-12 -1.14133e-10 4.8365e-13 1.14896e-10 7.82768e-11
 -6.36789e-13          0 3.68165e-13 -6.2902e-12 3.21946e-11 -1.56761e-12 3.40261e-11 -2.06755e-11 1.10096e-10 1.24062e-10 -1.16951e-11 4.16286e-11 6.1628e-11 2.15435e-11 -6.51992e-11 1.28371e-11 -4.63759e-11 2.29256e-12
 5.59641e-13 -3.68165e-13          0 2.86401e-12 -4.01099e-11 7.17959e-12 -9.07434e-12 2.99033e-12 -2.32738e-11 1.79585e-12 -3.62656e-09 2.16314e-11 3.75262e-11 2.22632e-11 9.52481e-12 -5.02024e-12 5.43677e-11 9.39806e-12
 1.72495e-11 6.2902e-12 -2.86401e-12          0 -1.34341e-12 1.8281e-12 7.65406e-13 2.46576e-12 -1.11982e-11 3.98954e-10 -7.63716e-12 -1.29154e-11 -2.55523e-11 3.93751e-12 5.4795e-12 -7.33726e-12 2.37536e-11 2.20491e-11
 -1.97815e-11 -3.21946e-11 4.01099e-11 1.34341e-12          0 -7.83475e-13 -2.1808e-12 -3.44956e-12 -4.04989e-12 4.59921e-13 3.48361e-11 3.6921e-09 -4.50791e-12 3.93731e-11 8.67716e-12 2.68812e-13 1.90668e-11 -7.15391e-11
 -1.20345e-12 1.56761e-12 -7.17959e-12 -1.8281e-12 7.83475e-13          0 -1.90232e-12 2.34712e-12 -6.76401e-13 -3.55861e-12 1.24681e-12 9.91571e-12 -4.33225e-12 4.07948e-11 -3.44386e-10 2.83352e-10 1.91134e-10 -4.32138e-10
 6.01584e-13 -3.40261e-11 9.07434e-12 -7.65406e-13 2.1808e-12 1.90232e-12          0 -7.63894e-13 1.14152e-12 2.52196e-12 1.20316e-12 1.67412e-12 1.93069e-12 -6.24134e-12 -2.36077e-12 -1.47496e-11 1.01045e-10 -4.49517e-11
 3.82616e-11 2.06755e-11 -2.99033e-12 -2.46576e-12 3.44956e-12 -2.34712e-12 7.63894e-13          0 3.27048e-12 -1.82466e-12 2.83669e-12 -3.21585e-13 7.67207e-13 -4.65862e-13 8.17086e-12 -1.08457e-11 -1.81187e-10 -5.36086e-11
 -3.92465e-11 -1.10096e-10 2.32738e-11 1.11982e-11 4.04989e-12 6.76401e-13 -1.14152e-12 -3.27048e-12          0 1.19629e-12 3.63245e-13 2.52235e-12 3.85178e-12 4.08919e-12 4.43852e-12 -1.04607e-11 -2.23728e-10 1.9008e-13
 -2.8238e-11 -1.24062e-10 -1.79585e-12 -3.98954e-10 -4.59921e-13 3.55861e-12 -2.52196e-12 1.82466e-12 -1.19629e-12          0 1.31476e-12 3.52197e-12 2.22105e-12 -5.25583e-13 -3.70402e-12 -1.36757e-11 2.26475e-10 -2.28602e-10
 -6.45553e-11 1.16951e-11 3.62656e-09 7.63716e-12 -3.48361e-11 -1.24681e-12 -1.20316e-12 -2.83669e-12 -3.63245e-13 -1.31476e-12          0 -1.06629e-12 3.91584e-12 2.01449e-12 6.30434e-13 7.97952e-12 2.61246e-11 3.01822e-11
 3.71228e-11 -4.16286e-11 -2.16314e-11 1.29154e-11 -3.6921e-09 -9.91571e-12 -1.67412e-12 3.21585e-13 -2.52235e-12 -3.52197e-12 1.06629e-12          0 1.46652e-12 -6.68709e-12 2.4382e-12 -5.60455e-14 -9.85175e-11 4.03098e-11
 2.33591e-11 -6.1628e-11 -3.75262e-11 2.55523e-11 4.50791e-12 4.33225e-12 -1.93069e-12 -7.67207e-13 -3.85178e-12 -2.22105e-12 -3.91584e-12 -1.46652e-12          0 -8.62658e-13 6.00418e-14 -2.82547e-11 7.30993e-11 4.08286e-12
 -8.19834e-12 -2.15435e-11 -2.22632e-11 -3.93751e-12 -3.93731e-11 -4.07948e-11 6.24134e-12 4.65862e-13 -4.08919e-12 5.25583e-13 -2.01449e-12 6.68709e-12 8.62658e-13          0 -5.73001e-12 -6.00079e-12 -1.01626e-10 7.72147e-12
 1.14133e-10 6.51992e-11 -9.52481e-12 -5.4795e-12 -8.67716e-12 3.44386e-10 2.36077e-12 -8.17086e-12 -4.43852e-12 3.70402e-12 -6.30434e-13 -2.4382e-12 -6.00418e-14 5.73001e-12          0 2.56795e-11 2.43405e-10 -1.46207e-11
 -4.8365e-13 -1.28371e-11 5.02024e-12 7.33726e-12 -2.68812e-13 -2.83352e-10 1.47496e-11 1.08457e-11 1.04607e-11 1.36757e-11 -7.97952e-12 5.60455e-14 2.82547e-11 6.00079e-12 -2.56795e-11          0 1.02425e-10 2.97317e-11
 -1.14896e-10 4.63759e-11 -5.43677e-11 -2.37536e-11 -1.90668e-11 -1.91134e-10 -1.01045e-10 1.81187e-10 2.23728e-10 -2.26475e-10 -2.61246e-11 9.85175e-11 -7.30993e-11 1.01626e-10 -2.43405e-10 -1.02425e-10          0 -1.13215e-11
 -7.82768e-11 -2.29256e-12 -9.39806e-12 -2.20491e-11 7.15391e-11 4.32138e-10 4.49517e-11 5.36086e-11 -1.9008e-13 2.28602e-10 -3.01822e-11 -4.03098e-11 -4.08286e-12 -7.72147e-12 1.46207e-11 -2.97317e-11 1.13215e-11          0
